7
7
59
59
15
15
127
127
63
63
127
117
58
63
79
122
160
160
232
232
248
248
248
248
190
246
255
25
94
254
242
94
239
250
247
156
251
159
108
111
15
11
15
8
15
12
28
31
247
95
239
63
223
243
63
243
252
220
144
240
240
240
248
248
5
5
23
23
31
31
31
31
31
23
15
9
62
63
71
125
224
224
220
220
240
240
254
254
252
236
248
152
124
252
226
190
111
127
255
159
255
156
111
111
15
9
15
8
15
12
24
31
238
254
254
242
249
55
223
249
255
153
150
246
240
240
120
248
55
55
31
31
127
127
255
255
191
178
57
63
47
42
15
10
192
192
240
240
240
240
251
251
255
77
246
250
252
188
200
120
15
8
7
7
14
11
15
11
15
13
19
28
9
15
31
31
156
252
220
252
62
242
126
242
252
156
244
204
76
124
254
254
2
3
15
15
15
15
31
31
63
50
127
95
255
189
211
222
236
236
248
248
252
252
254
254
253
77
158
254
242
82
240
80
29
31
31
31
31
28
15
12
7
7
7
4
4
7
7
7
240
16
224
224
160
224
192
192
192
192
192
64
32
224
224
224
7
7
15
15
31
28
31
27
31
22
59
62
63
58
127
122
236
236
246
250
250
54
214
254
255
249
222
118
254
90
254
94
127
124
123
119
124
103
107
94
61
59
31
24
7
4
14
15
255
63
223
239
63
231
255
119
190
214
252
188
224
224
192
192
7
7
15
15
15
15
23
31
27
28
63
63
63
63
63
63
230
230
251
253
253
251
234
254
223
61
254
246
254
250
254
254
63
63
63
63
127
95
47
47
15
9
15
8
7
4
14
15
248
248
252
228
254
242
222
250
150
246
176
240
224
224
192
192
31
31
127
99
255
254
254
247
255
247
127
105
62
41
63
41
192
192
224
32
240
80
208
176
120
248
190
222
255
255
254
254
31
19
29
31
57
47
55
46
31
26
39
59
21
29
63
63
191
127
190
94
254
222
252
124
240
48
16
240
144
240
224
224
3
3
7
4
15
10
11
13
30
31
61
59
63
63
63
63
248
248
254
198
255
127
127
239
255
239
254
150
124
148
252
148
63
63
63
62
30
31
31
30
7
7
3
3
1
1
3
3
248
72
240
112
144
240
224
96
224
160
224
32
16
240
248
248
3
3
5
7
105
111
89
127
74
127
42
63
122
127
184
207
192
192
224
160
246
214
250
254
242
190
244
188
126
254
29
243
252
239
91
127
152
255
108
111
15
11
15
8
7
4
12
15
63
247
217
255
25
255
50
254
210
254
252
156
240
240
224
224
3
3
5
7
105
111
89
127
73
127
40
63
120
127
252
143
192
192
224
160
246
214
250
222
244
252
244
252
30
254
61
243
254
247
72
127
72
127
60
63
15
11
15
8
7
4
12
15
127
231
26
254
21
251
57
255
222
254
240
144
224
224
192
192
15
15
30
23
60
47
56
47
52
63
20
31
20
31
16
31
192
192
120
248
36
252
200
248
136
248
16
240
112
240
248
136
15
15
4
7
10
15
11
15
15
12
23
24
9
15
31
31
252
124
196
252
106
246
242
190
252
140
244
204
76
124
254
254
3
3
30
31
36
63
19
31
17
31
8
15
14
15
31
17
240
240
120
232
60
244
28
244
44
252
40
248
40
248
8
248
31
30
17
31
18
29
12
15
7
7
7
4
4
7
7
7
240
240
16
240
160
224
192
192
192
64
192
64
32
224
224
224
7
7
15
12
126
123
127
85
127
78
59
47
55
58
79
122
224
224
240
48
126
222
254
170
254
114
220
244
236
92
246
94
79
124
91
119
124
103
107
94
61
59
31
24
7
4
14
15
242
62
217
239
61
231
253
119
190
214
252
188
240
240
192
192
3
3
15
12
63
59
124
87
104
95
56
47
16
31
16
31
192
192
240
48
252
220
62
234
22
250
28
244
8
248
8
248
96
127
96
127
112
95
44
47
15
11
15
8
7
4
14
15
8
248
28
244
62
242
94
250
150
246
176
240
224
224
192
192
31
31
62
35
111
89
255
180
255
207
127
121
63
40
63
41
192
192
224
160
208
112
240
176
232
56
104
184
198
126
193
255
31
19
29
31
57
47
55
46
31
26
39
59
21
29
63
63
161
127
178
94
246
222
252
124
224
32
16
240
144
240
224
224
3
3
7
5
11
14
15
13
23
28
38
61
35
62
33
63
248
248
124
196
246
154
255
45
255
243
254
158
252
20
252
148
35
63
35
62
18
31
27
30
5
7
3
3
1
1
3
3
248
72
240
112
144
240
224
96
224
160
224
32
16
240
248
248
0
0
0
0
0
0
3
3
12
15
19
28
20
27
36
59
0
0
0
0
0
0
192
192
48
240
200
56
8
248
4
252
47
63
103
125
135
252
131
255
144
239
108
115
17
31
14
14
244
252
230
190
225
63
201
247
6
254
100
252
152
152
0
0
0
0
0
0
0
0
3
3
12
15
19
28
20
27
36
59
0
0
0
0
0
0
192
192
48
240
200
56
8
248
4
252
32
63
96
127
128
255
128
255
144
239
108
115
17
31
14
14
4
252
6
254
1
255
9
247
6
254
100
252
152
152
0
0
0
0
0
0
0
0
3
3
12
15
19
28
16
31
32
63
0
0
0
0
0
0
128
128
96
224
144
112
80
176
72
184
63
63
62
59
126
99
156
255
128
255
64
127
56
63
7
7
8
248
14
254
1
255
17
239
194
62
28
252
224
224
0
0
0
0
0
0
0
0
3
3
12
15
19
28
20
27
36
59
0
0
0
0
0
0
128
128
96
224
144
112
16
240
8
248
33
63
32
63
32
63
64
127
68
123
51
60
8
15
7
7
248
248
248
184
248
136
116
252
2
254
130
126
60
252
192
192
15
15
16
31
44
51
88
103
80
111
66
127
87
109
34
61
192
192
32
224
16
240
16
240
8
248
40
248
248
216
232
152
19
29
105
126
132
255
115
127
8
15
8
15
4
7
3
3
240
144
216
56
36
252
210
254
28
252
160
224
192
192
0
0
15
15
16
31
33
62
64
127
64
127
64
127
64
127
36
63
192
192
32
224
144
112
208
48
40
216
8
248
8
248
72
248
24
31
96
127
132
251
116
123
10
13
8
15
4
7
3
3
48
240
24
248
4
252
18
254
92
252
160
224
192
192
0
0
7
7
24
31
35
60
70
121
64
127
144
255
248
239
184
231
192
192
48
240
8
248
4
252
4
252
4
252
8
248
16
240
248
231
113
79
38
63
24
31
12
15
19
31
12
12
0
0
96
224
144
240
32
224
192
192
32
224
16
240
224
224
0
0
0
0
3
3
4
7
8
15
16
31
16
31
16
31
8
15
0
0
224
224
24
248
196
60
98
158
1
255
25
255
62
230
4
7
2
3
5
7
8
15
19
31
12
15
2
3
1
1
58
206
62
206
158
226
68
252
56
248
16
240
32
224
192
192
0
0
0
0
0
0
3
3
12
15
19
28
20
27
36
59
0
0
0
0
0
0
192
192
48
240
200
56
8
248
4
252
47
63
103
125
135
252
131
255
144
239
108
115
17
31
14
14
244
252
230
190
225
63
201
247
6
254
100
252
152
152
0
0
0
0
0
0
0
0
3
3
12
15
19
28
20
27
36
59
0
0
0
0
0
0
192
192
48
240
200
56
8
248
4
252
32
63
96
127
128
255
128
255
144
239
108
115
17
31
14
14
4
252
6
254
1
255
9
247
6
254
100
252
152
152
0
0
0
0
0
0
0
0
3
3
12
15
19
28
16
31
32
63
0
0
0
0
0
0
128
128
96
224
144
112
80
176
72
184
63
63
62
59
126
99
156
255
128
255
64
127
56
63
7
7
8
248
14
254
1
255
17
239
194
62
28
252
224
224
0
0
0
0
0
0
0
0
3
3
12
15
19
28
20
27
36
59
0
0
0
0
0
0
128
128
96
224
144
112
16
240
8
248
33
63
32
63
32
63
64
127
68
123
51
60
8
15
7
7
248
248
248
184
248
136
116
252
2
254
130
126
60
252
192
192
0
0
0
0
31
31
32
63
111
95
239
159
239
159
239
159
0
0
0
0
240
240
8
248
228
252
234
254
234
254
234
254
224
159
223
191
255
190
199
253
127
126
47
63
16
31
15
15
10
254
242
254
250
254
198
126
252
252
232
248
16
240
224
224
15
15
63
48
113
79
195
190
255
133
94
127
47
63
127
95
240
240
252
12
130
254
193
127
255
161
122
254
244
252
254
250
127
95
127
95
127
95
127
95
126
65
111
126
49
63
31
31
254
250
254
250
254
250
254
250
126
130
246
126
140
252
248
248
0
0
3
3
15
12
31
16
63
39
127
88
127
96
255
132
0
0
252
252
254
2
255
1
253
3
130
254
252
124
240
80
253
134
254
131
255
131
127
66
123
70
33
63
24
31
7
7
248
72
116
204
244
140
228
28
200
56
16
240
224
224
0
0
0
0
0
0
0
0
0
0
0
0
0
0
0
0
0
0
0
0
0
0
0
0
0
0
0
0
0
0
0
0
0
0
0
0
0
0
0
0
0
0
0
0
0
0
0
0
0
0
0
0
0
0
0
0
0
0
0
0
0
0
0
0
0
0
255
0
201
0
160
0
128
0
128
0
193
0
227
0
247
0
255
0
201
0
160
0
128
0
128
0
193
0
227
0
247
0
255
0
201
0
160
0
128
0
128
0
193
0
227
0
247
0
255
0
201
0
160
0
128
0
128
0
193
0
227
0
247
0
255
0
201
0
160
0
128
0
128
0
193
0
227
0
247
0
255
0
201
0
160
0
128
0
128
0
193
0
227
0
247
0
255
0
201
0
160
0
128
0
128
0
193
0
227
0
247
0
255
0
201
0
160
0
128
0
128
0
193
0
227
0
247
0
255
0
201
0
160
0
128
0
128
0
193
0
227
0
247
0
255
0
201
0
160
0
128
0
128
0
193
0
227
0
247
0
255
0
201
0
160
0
128
0
128
0
193
0
227
0
247
0
255
0
201
0
160
0
128
0
128
0
193
0
227
0
247
0
255
0
201
0
160
0
128
0
128
0
193
0
227
0
247
0
255
0
201
0
160
0
128
0
128
0
193
0
227
0
247
0
255
0
201
0
160
0
128
0
128
0
193
0
227
0
247
0
255
0
201
0
160
0
128
0
128
0
193
0
227
0
247
0
255
0
201
0
160
0
128
0
128
0
193
0
227
0
247
0
255
0
201
0
160
0
128
0
128
0
193
0
227
0
247
0
255
0
201
0
160
0
128
0
128
0
193
0
227
0
247
0
255
0
201
0
160
0
128
0
128
0
193
0
227
0
247
0
255
0
201
0
160
0
128
0
128
0
193
0
227
0
247
0
255
0
201
0
160
0
128
0
128
0
193
0
227
0
247
0
255
0
201
0
160
0
128
0
128
0
193
0
227
0
247
0
255
0
201
0
160
0
128
0
128
0
193
0
227
0
247
0
255
0
201
0
160
0
128
0
128
0
193
0
227
0
247
0
255
0
201
0
160
0
128
0
128
0
193
0
227
0
247
0
255
0
201
0
160
0
128
0
128
0
193
0
227
0
247
0
255
0
201
0
160
0
128
0
128
0
193
0
227
0
247
0
255
0
201
0
160
0
128
0
128
0
193
0
227
0
247
0
255
0
201
0
160
0
128
0
128
0
193
0
227
0
247
0
255
60
211
110
129
253
193
189
193
189
129
249
195
66
255
60
255
56
255
68
255
66
251
34
247
36
179
2
253
7
255
3
255
24
247
36
255
189
247
165
195
211
195
227
255
189
255
145
255
0
255
192
193
65
255
127
255
104
191
240
191
160
255
224
255
60
255
66
255
157
255
161
255
161
255
157
255
66
255
60
255
127
241
73
225
93
227
107
253
93
251
42
247
20
255
8
255
0
207
0
247
32
251
17
255
10
255
7
255
11
255
0
207
64
31
112
255
176
207
88
247
52
251
14
253
5
255
3
255
128
223
64
239
72
255
48
255
40
255
4
255
2
255
1
63
0
223
128
239
65
247
35
255
22
255
14
255
31
255
51
255
12
255
60
251
124
123
56
189
20
222
2
255
1
255
0
255
4
247
2
239
66
191
191
194
95
239
2
247
2
255
4
126
0
189
153
247
173
211
106
251
94
189
253
189
253
255
102
255
0
239
108
255
147
235
97
251
141
225
111
185
205
227
96
255
231
253
191
145
201
211
106
231
126
217
153
245
167
255
219
255
30
251
22
243
30
233
125
209
185
197
167
254
122
255
0
129
1
161
15
239
65
237
79
225
79
225
79
225
79
191
63
195
2
219
6
239
4
219
6
189
31
189
31
219
14
231
4
255
62
255
99
255
99
255
99
255
99
255
99
255
62
255
0
255
24
255
56
255
24
255
24
255
24
255
24
255
60
255
0
255
62
255
99
255
99
255
6
255
24
255
48
255
127
255
0
255
62
255
99
255
99
255
14
255
99
255
99
255
62
255
0
255
14
255
30
255
54
255
38
255
102
255
127
255
6
255
0
255
127
255
96
255
126
255
3
255
3
255
99
255
62
255
0
255
62
255
99
255
96
255
126
255
99
255
99
255
62
255
0
255
127
255
99
255
99
255
6
255
12
255
24
255
24
255
0
255
62
255
99
255
99
255
62
255
99
255
99
255
62
255
0
254
63
255
99
255
99
255
63
255
3
255
99
255
62
255
0
255
28
255
54
255
34
255
99
255
127
255
99
255
99
255
0
255
126
255
99
255
99
255
126
255
99
255
99
255
126
255
0
255
30
255
51
255
96
255
96
255
96
255
51
255
30
255
0
255
124
255
102
255
99
255
99
255
99
255
102
255
124
255
0
255
127
255
96
255
96
255
126
255
96
255
96
255
127
255
0
255
127
255
96
255
96
255
126
255
96
255
96
255
96
255
0
255
62
255
99
255
96
255
111
255
99
255
99
255
62
255
0
255
99
255
99
255
99
255
127
255
99
255
99
255
99
255
0
255
63
255
12
255
12
255
12
255
12
255
12
255
63
255
0
255
63
255
6
255
6
255
6
255
6
255
70
255
60
255
0
255
99
255
102
255
108
255
120
255
108
255
102
255
99
255
0
255
96
255
96
255
96
255
96
255
96
255
96
255
127
255
0
255
65
255
99
255
119
255
127
255
107
255
99
255
99
255
0
255
99
255
115
255
123
255
111
255
103
255
99
255
97
255
0
255
62
255
99
255
99
255
99
255
99
255
99
255
62
255
0
255
126
255
99
255
99
255
99
255
126
255
96
255
96
255
0
255
62
255
99
255
99
255
99
255
107
255
103
255
62
255
1
255
126
255
99
255
99
255
103
255
124
255
110
255
103
255
0
255
62
255
99
255
96
255
62
255
3
255
99
255
62
255
0
255
255
255
24
255
24
255
24
255
24
255
24
255
24
255
0
255
99
255
99
255
99
255
99
255
99
255
99
255
62
255
0
255
99
255
99
255
99
255
99
255
54
255
54
255
28
255
0
255
99
255
99
255
107
255
107
255
127
255
119
255
34
255
0
255
99
255
99
255
54
255
28
255
54
255
99
255
99
255
0
255
51
255
51
255
51
255
30
255
12
255
12
255
12
255
0
255
127
255
3
255
6
255
24
255
48
255
96
255
127
255
0
255
0
255
0
255
62
255
102
255
102
255
102
255
61
255
0
255
48
255
48
255
62
255
51
255
51
255
51
255
62
255
0
255
0
255
0
255
31
255
48
255
48
255
48
255
31
255
0
255
3
255
3
255
31
255
51
255
51
255
51
255
31
255
0
255
0
255
0
255
30
255
51
255
63
255
48
255
31
255
0
255
7
255
12
255
12
255
63
255
12
255
12
255
12
255
0
255
0
255
0
255
31
255
51
255
51
255
31
255
3
255
30
255
48
255
48
255
48
255
62
255
51
255
51
255
51
255
0
255
0
255
12
255
0
255
12
255
12
255
12
255
12
255
0
255
0
255
6
255
0
255
6
255
6
255
6
255
102
255
60
255
48
255
48
255
49
255
50
255
52
255
62
255
51
255
0
255
28
255
12
255
12
255
12
255
12
255
12
255
12
255
0
255
0
255
0
255
118
255
107
255
107
255
107
255
107
255
0
255
0
255
0
255
62
255
51
255
51
255
51
255
51
255
0
255
0
255
0
255
30
255
51
255
51
255
51
255
30
255
0
255
0
255
0
255
62
255
51
255
51
255
62
255
48
255
48
255
0
255
0
255
62
255
102
255
102
255
62
255
6
255
7
255
0
255
0
255
55
255
56
255
48
255
48
255
48
255
0
255
0
255
0
255
30
255
48
255
30
255
3
255
62
255
0
255
24
255
24
255
126
255
24
255
24
255
24
255
14
255
0
255
0
255
0
255
51
255
51
255
51
255
51
255
30
255
0
255
0
255
0
255
51
255
51
255
51
255
18
255
12
255
0
255
0
255
0
255
99
255
107
255
107
255
107
255
54
255
0
255
0
255
0
255
99
255
54
255
28
255
54
255
99
255
0
255
0
255
0
255
51
255
51
255
22
255
12
255
24
255
48
255
0
255
0
255
63
255
6
255
12
255
24
255
63
255
0
255
24
255
24
255
16
255
0
255
0
255
0
255
0
255
0
255
0
255
0
255
0
255
0
255
0
255
24
255
24
255
16
255
0
255
0
255
0
255
0
255
0
255
24
255
24
255
0
255
0
255
0
255
0
255
0
255
0
255
51
255
51
255
0
255
0
255
0
255
0
255
62
255
0
255
0
255
0
255
0
255
8
255
28
255
28
255
28
255
8
255
8
255
0
255
8
255
60
255
102
255
102
255
12
255
24
255
24
255
0
255
24
255
0
255
96
255
96
255
0
255
0
255
96
255
96
255
0
255
1
255
2
255
4
255
8
255
16
255
32
255
64
255
128
31
255
32
224
79
192
152
135
179
143
167
156
175
152
175
152
255
255
0
0
255
0
0
255
255
255
255
0
255
0
255
0
248
255
4
7
242
3
25
225
205
241
229
35
229
19
229
19
175
152
175
152
175
152
175
152
175
152
175
152
175
152
175
152
229
19
229
19
229
19
229
19
229
19
229
19
229
19
229
19
175
152
175
152
163
148
176
131
152
128
79
192
32
239
31
255
255
0
255
0
255
0
0
255
0
0
255
0
0
255
255
255
229
19
229
19
197
35
13
195
25
7
242
15
4
255
248
255
255
0
255
0
255
0
255
0
255
0
255
0
255
0
255
0
255
0
255
0
206
49
245
10
245
10
253
2
255
0
255
0
255
0
255
0
255
0
255
0
191
64
247
8
245
10
247
8
255
0
127
128
175
80
191
64
255
0
252
3
255
0
255
0
255
0
255
0
255
0
191
64
223
32
219
36
95
160
255
0
255
255
255
255
255
255
255
255
255
255
255
255
255
255
255
255
255
255
255
255
255
255
255
255
255
255
255
255
255
255
255
255
255
255
255
255
255
255
255
255
255
255
255
255
255
255
255
255
255
255
255
255
255
255
255
255
255
255
255
255
255
255
255
255
0
224
0
238
0
238
0
238
0
238
224
14
238
224
14
14
0
224
0
238
0
238
0
238
0
238
224
14
238
224
14
14
0
224
0
238
0
238
0
238
0
238
224
14
238
224
14
14
0
224
0
238
0
238
0
238
0
238
224
14
238
224
14
14
63
63
96
127
222
255
178
247
162
231
162
231
170
239
247
255
252
252
6
254
251
127
205
79
197
79
197
79
213
95
239
255
235
128
247
255
170
239
162
231
162
255
190
255
128
255
255
255
215
1
239
255
213
95
197
79
197
127
253
127
1
255
255
255
255
0
255
0
206
49
245
10
245
10
253
2
255
0
255
0
255
0
255
0
255
0
255
0
191
64
247
8
245
10
247
8
255
0
127
128
175
80
191
64
255
0
252
3
255
0
255
0
255
0
255
0
255
0
191
64
223
32
219
36
95
160
255
0
0
0
124
2
64
62
64
56
67
56
2
1
26
193
18
201
204
34
143
96
136
103
8
7
128
64
28
194
16
206
16
200
18
201
16
200
3
216
2
1
242
9
2
249
2
249
2
248
2
129
58
1
34
153
32
152
35
152
34
153
34
153
2
1
255
255
255
255
255
255
255
255
255
255
255
255
255
255
255
255
255
255
255
255
255
255
255
255
255
255
255
255
255
255
255
255
255
255
255
255
255
255
255
255
255
255
255
255
255
255
255
255
255
255
255
255
255
255
255
255
255
255
255
255
255
255
255
255
1
225
3
238
7
237
15
235
15
235
239
8
239
235
15
11
192
198
224
34
240
80
248
104
248
104
248
8
248
106
250
106
15
232
15
235
15
235
15
232
15
239
224
14
238
224
14
14
248
8
248
104
248
104
248
8
248
250
0
238
238
224
14
14
0
0
0
255
15
15
15
248
15
11
15
251
15
11
15
248
0
0
0
255
248
248
248
15
248
104
248
111
248
104
248
15
15
11
15
251
15
11
15
248
15
15
0
255
0
0
0
255
248
104
248
111
248
104
248
15
248
248
0
255
0
0
0
255
255
255
255
128
129
254
129
254
129
254
129
254
129
206
129
254
255
255
254
128
130
252
130
252
130
252
130
252
130
228
130
252
127
127
127
0
0
127
0
127
0
95
0
95
0
66
0
127
255
255
255
1
3
253
3
253
3
253
3
253
3
93
3
253
255
255
255
128
129
254
129
254
129
254
129
254
129
206
129
254
255
255
254
128
130
252
130
252
130
252
130
252
130
228
130
252
127
127
127
0
0
127
0
127
0
95
0
95
0
66
0
127
255
255
255
1
3
253
3
253
3
253
3
253
3
93
3
253
255
0
0
255
0
180
0
72
0
36
152
152
239
239
255
255
255
0
24
232
28
44
24
136
28
76
218
202
255
239
255
239
170
85
24
233
24
73
28
143
24
73
28
12
219
203
223
207
170
85
0
255
0
7
0
192
0
60
102
102
155
155
255
255
127
127
255
128
191
127
192
64
192
64
193
65
227
98
247
148
255
255
255
17
251
229
119
73
239
147
223
37
191
77
119
149
222
169
253
74
255
100
255
115
239
88
222
173
255
146
255
255
231
37
199
69
135
133
135
133
135
133
251
125
255
67
255
255
255
255
255
132
191
126
195
66
243
114
255
204
223
144
254
185
255
255
255
35
123
253
71
197
79
205
127
179
123
137
63
221
191
216
223
64
254
121
207
76
195
66
191
126
255
132
255
255
61
219
59
195
127
157
103
165
199
69
123
253
255
35
255
255
255
255
255
128
255
0
255
52
255
52
255
52
255
52
255
52
255
255
255
3
255
1
255
165
255
165
255
165
255
165
255
165
255
54
255
55
255
53
255
52
255
52
255
0
255
128
255
255
255
181
255
189
255
173
255
165
255
165
255
1
255
3
255
255
255
255
255
128
207
15
159
16
191
39
190
46
191
47
175
39
255
255
255
3
199
193
227
33
251
153
255
69
127
85
251
137
231
104
240
191
216
191
199
127
191
48
207
15
255
128
255
255
251
25
239
37
223
69
251
137
243
49
199
193
255
3
255
255
0
224
0
238
0
238
0
238
0
238
224
14
238
224
14
14
0
224
0
238
0
238
0
238
0
238
224
14
238
224
14
14
0
224
0
238
0
238
0
238
0
238
224
14
238
224
14
14
0
224
0
238
0
238
0
238
0
238
224
14
238
224
14
14
0
0
0
0
15
15
15
8
15
11
15
11
15
8
15
11
0
0
0
0
248
248
248
8
248
104
248
104
248
8
248
104
15
11
15
8
15
11
15
11
15
8
15
15
0
0
0
0
248
104
248
8
248
104
248
104
248
8
248
248
0
0
0
0
255
0
255
0
206
49
245
10
245
10
253
2
255
0
255
0
255
0
255
0
255
0
255
0
191
64
247
8
245
10
247
8
255
0
127
128
175
80
191
64
255
0
252
3
255
0
255
0
255
0
255
0
255
0
191
64
223
32
219
36
95
160
255
0
0
0
124
2
64
62
64
56
67
56
2
1
26
193
18
201
204
34
143
96
136
103
8
7
128
64
28
194
16
206
16
200
18
201
16
200
3
216
2
1
242
9
2
249
2
249
2
248
2
129
58
1
34
153
32
152
35
152
34
153
34
153
2
1
246
9
181
74
217
38
214
41
118
137
185
68
253
0
196
59
63
192
205
18
197
10
51
196
51
196
195
12
199
24
3
36
184
64
183
64
131
124
96
156
99
28
54
128
128
73
241
14
25
194
24
1
102
24
102
24
24
1
24
195
193
38
255
0
254
0
157
96
237
16
235
16
251
0
246
1
207
0
244
3
255
0
127
0
111
16
61
130
29
130
15
224
3
192
3
248
232
7
188
3
220
1
226
0
206
1
124
3
176
15
200
3
15
120
55
240
13
252
66
190
134
87
12
237
0
252
14
191
232
6
189
0
209
12
227
0
203
0
118
1
143
0
244
3
12
255
56
121
12
124
2
191
12
157
28
253
62
254
0
249
232
6
189
0
209
12
227
0
203
0
118
1
143
0
244
3
12
253
56
121
13
126
1
188
6
151
12
237
28
220
4
253
229
18
202
5
189
66
210
41
229
18
205
32
186
65
193
32
57
186
48
247
28
191
6
222
157
252
132
253
80
252
124
253
229
24
252
0
221
32
253
0
253
0
253
0
58
193
220
34
248
249
65
70
64
79
65
70
64
67
65
66
35
100
131
140
159
159
192
159
128
159
192
128
159
159
192
159
128
159
192
128
249
251
251
1
249
1
3
1
249
249
251
1
249
1
3
1
159
159
192
159
128
159
192
128
159
159
192
159
128
159
192
128
249
249
251
1
249
1
3
1
249
249
251
1
249
1
3
1
255
255
255
0
221
221
0
221
0
221
221
0
221
0
221
0
255
255
255
0
221
221
0
221
0
221
221
0
221
0
221
0
221
0
221
0
221
0
0
221
0
221
221
221
255
0
255
255
221
0
221
0
221
0
0
221
0
221
221
221
255
0
255
255
224
191
192
128
224
191
224
191
224
191
192
128
224
191
224
191
255
5
3
1
255
5
255
5
255
5
3
1
255
5
255
5
224
191
192
128
224
191
224
191
224
191
192
128
224
191
224
191
255
5
3
1
255
5
255
5
255
5
3
1
255
5
255
5
203
179
0
50
0
15
0
123
0
59
0
121
0
56
4
60
227
221
26
26
0
118
0
54
0
126
0
118
0
50
129
145
207
223
255
255
62
62
0
207
192
53
96
159
29
226
34
221
143
143
254
254
240
240
0
3
1
254
46
209
202
53
7
248
179
71
192
82
0
63
4
127
132
191
132
253
132
188
134
158
249
52
202
235
0
118
0
118
0
126
0
118
0
116
131
151
207
207
255
255
255
255
199
199
60
60
156
157
232
233
216
218
159
159
254
254
252
252
0
0
1
6
60
195
2
253
7
248
120
123
248
249
200
203
48
54
248
249
48
55
128
132
184
184
3
252
142
113
248
7
13
242
7
248
248
7
96
159
19
236
120
120
24
24
96
102
248
249
248
248
248
248
112
119
0
4
12
243
16
239
127
128
198
57
124
131
206
49
3
252
0
255
120
123
248
249
200
203
48
54
248
249
48
55
128
140
176
177
3
252
142
113
248
7
13
242
7
248
248
7
96
159
19
236
192
195
0
7
6
121
99
156
128
127
0
255
143
112
252
3
12
243
16
239
127
128
198
57
124
131
206
49
3
252
0
255
96
159
49
206
127
128
193
62
32
223
255
0
140
115
2
253
112
143
192
63
6
249
185
70
224
31
25
230
15
240
104
151
1
254
2
253
207
48
56
199
15
240
25
230
192
63
0
255
144
111
28
227
243
12
192
63
128
127
192
63
227
28
63
192
72
73
72
73
72
73
72
73
72
73
72
73
72
73
72
73
72
73
72
73
72
73
116
117
124
125
72
73
88
89
88
89
74
75
74
75
74
75
74
75
74
75
74
75
74
75
74
75
74
75
74
75
74
75
118
119
126
127
74
75
90
91
90
91
72
73
72
73
80
81
72
73
80
81
72
73
80
81
72
73
72
73
72
73
72
73
116
117
124
125
72
73
88
89
88
89
74
75
74
75
82
83
74
75
82
83
74
75
82
83
74
75
74
75
74
75
74
75
118
119
126
127
74
75
90
91
90
91
72
73
80
81
72
73
80
81
72
73
80
81
72
73
80
81
72
73
64
65
64
65
64
65
72
73
72
73
88
89
88
89
74
75
82
83
74
75
82
83
74
75
82
83
74
75
82
83
74
75
66
67
66
67
66
67
74
75
74
75
90
91
90
91
72
73
72
73
80
81
72
73
80
81
72
73
80
81
72
73
72
73
64
65
64
65
64
65
64
65
72
73
88
89
88
89
74
75
74
75
82
83
74
75
82
83
74
75
82
83
74
75
74
75
66
67
66
67
66
67
66
67
74
75
90
91
90
91
72
73
64
65
64
65
64
65
72
73
80
81
72
73
80
81
72
73
32
33
32
33
32
33
64
65
84
85
88
89
88
89
74
75
66
67
66
67
66
67
74
75
82
83
74
75
82
83
74
75
34
35
34
35
34
35
66
67
86
87
90
91
90
91
88
89
88
89
88
89
84
85
72
73
72
73
72
73
84
85
88
89
88
89
88
89
255
255
255
255
255
255
255
255
255
255
90
91
90
91
90
91
86
87
74
75
74
75
74
75
86
87
90
91
90
91
90
91
255
255
255
255
255
255
255
255
255
255
88
89
88
89
88
89
88
89
72
73
72
73
72
73
88
89
88
89
88
89
88
89
255
255
255
255
255
255
255
255
255
255
90
91
90
91
90
91
90
91
74
75
74
75
74
75
90
91
90
91
90
91
90
91
255
255
255
255
255
255
255
255
255
255
88
89
88
89
88
89
88
89
72
73
72
73
72
73
92
93
92
93
92
93
92
93
255
255
255
255
255
255
255
255
255
255
90
91
90
91
90
91
90
91
74
75
74
75
74
75
94
95
94
95
94
95
94
95
255
255
255
255
255
255
255
255
255
255
88
89
88
89
88
89
88
89
72
73
72
73
72
73
72
73
72
73
72
73
72
73
255
255
255
255
255
255
255
255
255
255
90
91
90
91
90
91
90
91
74
75
74
75
74
75
74
75
74
75
74
75
74
75
255
255
255
255
255
255
255
255
255
255
88
89
88
89
88
89
88
89
72
73
72
73
72
73
72
73
72
73
72
73
72
73
255
255
255
255
255
255
255
255
255
255
90
91
90
91
90
91
90
91
74
75
74
75
74
75
74
75
74
75
74
75
74
75
255
255
255
255
255
255
255
255
255
255
88
89
88
89
88
89
88
89
72
73
72
73
72
73
84
85
84
85
84
85
84
85
84
85
84
85
84
85
84
85
255
255
90
91
90
91
90
91
90
91
74
75
74
75
74
75
86
87
86
87
86
87
86
87
86
87
86
87
86
87
86
87
255
255
88
89
88
89
92
93
92
93
72
73
72
73
72
73
92
93
64
65
64
65
64
65
88
89
88
89
88
89
88
89
255
255
90
91
90
91
94
95
94
95
74
75
74
75
74
75
94
95
66
67
66
67
66
67
90
91
90
91
90
91
90
91
255
255
88
89
92
93
72
73
72
73
72
73
72
73
72
73
72
73
64
65
64
65
64
65
92
93
88
89
88
89
88
89
88
89
90
91
94
95
74
75
74
75
74
75
74
75
74
75
74
75
66
67
66
67
66
67
94
95
90
91
90
91
90
91
90
91
64
65
64
65
64
65
72
73
72
73
72
73
72
73
72
73
68
69
12
13
68
69
72
73
92
93
88
89
88
89
88
89
66
67
66
67
66
67
74
75
74
75
74
75
74
75
74
75
70
71
14
15
70
71
74
75
94
95
90
91
90
91
90
91
64
65
64
65
64
65
72
73
72
73
72
73
72
73
72
73
112
113
104
105
108
109
108
109
108
109
88
89
88
89
88
89
66
67
66
67
66
67
74
75
74
75
74
75
74
75
74
75
114
115
106
107
110
111
110
111
110
111
90
91
90
91
90
91
68
69
12
13
68
69
72
73
72
73
72
73
72
73
72
73
116
117
104
105
124
125
124
125
124
125
92
93
88
89
88
89
70
71
14
15
70
71
74
75
74
75
74
75
74
75
74
75
118
119
106
107
126
127
126
127
126
127
94
95
90
91
90
91
255
255
255
255
255
255
255
255
255
255
255
255
255
255
255
255
255
255
255
255
255
255
255
255
255
255
255
255
255
255
255
255
255
255
255
255
255
255
255
255
255
255
255
255
255
255
255
255
255
255
255
255
255
255
255
255
255
255
255
255
255
255
255
255
255
255
255
255
255
255
255
255
255
255
255
255
255
255
255
255
255
255
255
255
255
255
255
255
255
255
255
255
255
255
255
255
255
255
255
255
255
255
255
255
255
255
255
255
255
255
255
255
255
255
255
255
255
255
255
255
255
255
255
255
255
255
255
255
255
255
255
255
255
255
255
255
255
255
255
255
255
255
255
255
255
255
255
255
255
255
255
255
255
255
255
255
255
255
255
255
255
255
255
255
255
255
255
255
255
255
255
255
255
255
255
255
255
255
255
255
255
255
255
255
255
255
255
255
255
255
255
255
255
255
255
255
255
255
255
255
255
255
255
255
255
255
255
255
255
255
255
255
255
255
255
255
255
255
255
255
255
255
255
255
255
255
255
255
255
255
255
255
255
255
255
255
255
255
255
255
255
255
255
255
255
255
255
255
255
255
255
255
255
255
255
255
255
255
255
255
255
255
255
255
255
255
255
255
255
255
255
255
255
255
255
255
255
255
255
255
255
255
255
255
255
255
255
255
255
255
255
255
255
255
255
255
255
255
255
255
255
255
255
255
255
255
255
255
255
255
255
255
255
255
255
255
255
255
255
255
255
255
255
255
255
255
255
255
255
255
255
255
255
255
255
255
255
255
255
255
255
255
255
255
255
255
255
255
255
255
255
255
255
255
255
255
255
255
255
255
255
255
255
255
255
255
255
255
255
255
255
255
255
255
255
255
255
255
255
255
255
255
255
255
255
255
255
255
255
255
255
255
255
255
255
255
255
255
255
255
255
255
255
255
255
255
255
255
255
255
255
255
255
255
255
255
255
255
255
255
255
255
255
255
255
255
255
255
255
255
255
255
255
255
255
255
255
255
255
255
255
255
255
255
255
255
255
255
255
255
255
255
255
255
255
255
255
255
255
255
255
255
255
255
255
255
255
255
255
255
255
255
255
255
255
255
255
255
255
255
255
255
255
255
255
255
255
255
255
255
255
255
255
255
255
255
255
255
255
255
255
255
255
255
255
255
255
255
255
255
255
255
255
255
255
255
255
255
255
255
255
255
255
255
255
255
255
255
255
255
255
255
255
255
255
255
255
255
255
255
255
255
255
255
255
255
255
255
255
255
255
255
255
255
255
255
255
255
255
255
255
255
255
255
255
255
255
255
255
255
255
255
255
255
255
255
255
255
255
255
255
255
255
255
255
255
255
255
255
255
255
255
255
255
255
255
255
255
255
255
255
255
255
255
255
255
255
255
255
255
255
255
255
255
255
255
255
255
255
255
255
255
255
255
255
255
255
255
255
255
255
255
255
255
255
255
255
255
255
255
255
255
255
255
255
255
255
255
255
255
255
255
255
255
255
255
255
255
255
255
255
255
255
255
255
255
255
255
255
255
255
255
255
255
255
255
255
255
255
255
255
255
255
255
255
255
255
255
255
255
255
255
255
255
255
255
255
255
255
255
255
255
255
255
255
255
255
255
255
255
255
255
255
255
255
255
255
255
255
255
255
255
255
255
255
255
255
255
255
255
255
255
255
255
255
255
255
255
255
255
255
255
255
255
255
255
255
255
255
255
255
255
255
255
255
255
255
255
255
255
255
255
255
255
255
255
255
255
255
255
255
255
255
255
255
255
255
255
255
255
255
255
255
255
255
255
255
255
255
255
255
255
255
255
255
255
255
255
255
255
255
255
255
255
255
255
255
255
255
255
255
255
255
255
255
255
255
255
255
255
255
255
255
255
255
255
255
255
255
255
255
255
255
255
255
255
255
255
255
255
255
255
255
255
255
255
255
255
255
255
255
255
255
255
255
255
255
255
255
255
255
255
255
255
255
255
255
255
255
255
255
255
255
255
255
255
255
255
255
255
255
255
255
255
255
255
255
255
255
255
255
255
255
255
255
255
255
255
255
255
255
255
255
255
255
255
255
255
255
255
255
255
255
255
255
255
255
255
255
255
255
255
255
255
255
255
255
255
255
255
255
255
255
255
255
255
255
255
255
255
255
255
255
255
255
255
255
255
255
255
255
255
255
255
255
255
255
255
255
255
255
255
255
255
255
255
255
255
255
255
255
255
255
255
255
255
255
255
255
255
255
255
255
255
255
255
255
255
255
255
255
255
255
255
255
255
255
255
255
255
255
255
255
255
255
255
255
255
255
255
255
255
255
255
255
255
255
255
255
255
255
255
255
255
0
0
72
160
2
0
1
3
2
0
1
3
2
0
1
3
